1810
18
18
22
18
0
22
4
18
22
0
4
22
4
4
26
18
22
0
4
0
0
0
0
0
4
0
2
0
0
0
2
18
0
22
4
0
0
4
2
0
0
0
0
0
0
0
2
22
4
4
26
0
0
0
2
0
0
0
2
0
0
0
16
18
0
0
0
22
0
4
0
0
0
0
0
4
0
2
2
0
0
0
0
0
0
0
0
0
0
0
0
0
0
0
0
22
0
4
0
4
0
26
2
0
0
0
0
0
0
2
16
4
0
2
2
0
0
2
16
0
0
0
0
0
0
0
6
18
0
0
0
0
0
0
0
22
4
0
0
4
2
0
2
22
4
0
0
0
0
0
0
4
26
0
2
0
2
0
16
0
0
0
0
0
0
0
0
0
0
0
0
0
0
0
0
4
2
0
2
0
0
0
0
0
2
0
16
0
0
0
6
22
0
0
0
4
0
0
0
4
0
0
0
26
2
2
16
4
0
0
0
0
0
0
0
2
2
0
0
2
16
0
6
4
0
0
0
2
0
2
0
0
0
0
0
2
0
16
6
26
2
2
16
2
0
16
6
2
16
0
6
16
6
6
682
